#field radius(deg)   vignetting ratio(0-1)
0.0 0.61233
0.02 0.61233
0.04 0.61233
0.06 0.61233
0.08 0.61233
0.1 0.61233
0.12 0.61233
0.14 0.61233
0.16 0.61233
0.18 0.61233
0.2 0.61233
0.22 0.61233
0.24 0.61233
0.26 0.61233
0.28 0.61233
0.3 0.61233
0.32 0.61233
0.34 0.61233
0.36 0.61233
0.38 0.61233
0.4 0.61233
0.42 0.61233
0.44 0.61233
0.46 0.61233
0.48 0.61233
0.5 0.61233
0.52 0.61233
0.54 0.61233
0.56 0.61233
0.58 0.61233
0.6 0.61233
0.62 0.61233
0.64 0.61233
0.66 0.61233
0.68 0.61233
0.7 0.61233
0.72 0.61233
0.74 0.61233
0.76 0.61233
0.78 0.61233
0.8 0.61233
0.82 0.61133
0.84 0.61133
0.86 0.61133
0.88 0.61133
0.9 0.61133
0.92 0.61133
0.94 0.61133
0.96 0.61133
0.98 0.61034
1.0 0.61034
1.02 0.60934
1.04 0.60934
1.06 0.60835
1.08 0.60736
1.1 0.60636
1.12 0.60636
1.14 0.60338
1.16 0.60338
1.18 0.60338
1.2 0.60139
1.22 0.60139
1.24 0.60139
1.26 0.5994
1.28 0.5994
1.3 0.59841
1.32 0.59841
1.34 0.59742
1.36 0.59543
1.38 0.59543
1.4 0.59443
1.42 0.59245
1.44 0.59245
1.46 0.59145
1.48 0.58847
1.5 0.58449
1.52 0.5835
1.54 0.5825
1.56 0.58151
1.58 0.57952
1.6 0.57853
1.62 0.57654
1.64 0.57356
1.66 0.57058
1.68 0.56958
1.7 0.5666
1.72 0.56262
1.74 0.55865
1.76 0.54871
1.78 0.5328
1.8 0.50497
